    1     2.5000   -112.87545
    2     2.6300   -112.85758
    3     2.7600   -112.84261
    4     2.8900   -112.83006
    5     3.0200   -112.81951
    6     3.1500   -112.81066
    7     3.2800   -112.80324
    8     3.4100   -112.79705
    9     3.5400   -112.79191
   10     3.6700   -112.78767
   11     3.8000   -112.78418
   12     3.9300   -112.78133
   13     4.0600   -112.77902
   14     4.1900   -112.77715
   15     4.3200   -112.77565
   16     4.4500   -112.77446
   17     4.5800   -112.77352
   18     4.7100   -112.77279
   19     4.8400   -112.77221
   20     4.9700   -112.77177
   21     5.1000   -112.77143
   22     5.2300   -112.77116
   23     5.3600   -112.77095
   24     5.4900   -112.77079
   25     5.6200   -112.77066
   26     5.7500   -112.77055
   27     5.8800   -112.77046
   28     6.0100   -112.77039
   29     6.1400   -112.77032
   30     6.2700   -112.77026
   31     6.4000   -112.77020