# Summary of the potential surface scan:
#   N      r1          SCF    
# ----  ---------  -----------
    1     0.8300   -459.73567   -459.86221   -459.87618
    2     0.8400   -459.75776   -459.88436   -459.89835
    3     0.8500   -459.77861   -459.90528   -459.91929
    4     0.8600   -459.79828   -459.92503   -459.93906
    5     0.8700   -459.81684   -459.94366   -459.95771
    6     0.8800   -459.83434   -459.96124   -459.97530
    7     0.8900   -459.85082   -459.97781   -459.99190
    8     0.9000   -459.86635   -459.99342   -460.00753
    9     0.9100   -459.88097   -460.00813   -460.02226
   10     0.9200   -459.89472   -460.02197   -460.03613
   11     0.9300   -459.90764   -460.03500   -460.04918
   12     0.9400   -459.91979   -460.04724   -460.06145
   13     0.9500   -459.93119   -460.05875   -460.07298
   14     0.9600   -459.94188   -460.06955   -460.08381
   15     0.9700   -459.95190   -460.07969   -460.09396
   16     0.9800   -459.96128   -460.08919   -460.10349
   17     0.9900   -459.97006   -460.09808   -460.11241
   18     1.0000   -459.97826   -460.10640   -460.12076
   19     1.0100   -459.98591   -460.11418   -460.12856
   20     1.0200   -459.99304   -460.12144   -460.13585
   21     1.0300   -459.99968   -460.12821   -460.14264
   22     1.0400   -460.00585   -460.13451   -460.14897
   23     1.0500   -460.01157   -460.14036   -460.15486
   24     1.0600   -460.01686   -460.14580   -460.16032
   25     1.0700   -460.02175   -460.15083   -460.16538
   26     1.0800   -460.02626   -460.15548   -460.17006
   27     1.0900   -460.03041   -460.15977   -460.17438
   28     1.1000   -460.03420   -460.16372   -460.17836
   29     1.1100   -460.03768   -460.16734   -460.18201
   30     1.1200   -460.04083   -460.17065   -460.18535
   31     1.1300   -460.04370   -460.17367   -460.18840
   32     1.1400   -460.04628   -460.17641   -460.19117
   33     1.1500   -460.04860   -460.17889   -460.19368
   34     1.1600   -460.05066   -460.18111   -460.19593
   35     1.1700   -460.05248   -460.18310   -460.19795
   36     1.1800   -460.05408   -460.18486   -460.19974
   37     1.1900   -460.05545   -460.18640   -460.20132
   38     1.2000   -460.05663   -460.18774   -460.20269
   39     1.2100   -460.05761   -460.18889   -460.20387
   40     1.2200   -460.05841   -460.18986   -460.20487
   41     1.2300   -460.05903   -460.19066   -460.20570
   42     1.2400   -460.05949   -460.19129   -460.20637
   43     1.2500   -460.05979   -460.19177   -460.20688
   44     1.2600   -460.05995   -460.19210   -460.20725
   45     1.2700   -460.05997   -460.19229   -460.20747
   46     1.2800   -460.05985   -460.19236   -460.20757
   47     1.2900   -460.05961   -460.19230   -460.20755
   48     1.3000   -460.05926   -460.19212   -460.20741
   49     1.3100   -460.05879   -460.19184   -460.20716
   50     1.3200   -460.05822   -460.19145   -460.20681
   51     1.3300   -460.05755   -460.19096   -460.20636
   52     1.3400   -460.05679   -460.19038   -460.20582
   53     1.3500   -460.05594   -460.18972   -460.20519
   54     1.3600   -460.05501   -460.18897   -460.20449
   55     1.3700   -460.05400   -460.18815   -460.20370
   56     1.3800   -460.05292   -460.18726   -460.20285
   57     1.3900   -460.05177   -460.18630   -460.20193
   58     1.4000   -460.05056   -460.18528   -460.20095
   59     1.4100   -460.04929   -460.18420   -460.19992
   60     1.4200   -460.04796   -460.18307   -460.19882
   61     1.4300   -460.04658   -460.18188   -460.19768