9.799999999999999822e-01 -4.606332899999999881e+02
9.899999999999999911e-01 -4.606426200000000222e+02
1.000000000000000000e+00 -4.606513899999999921e+02
1.010000000000000009e+00 -4.606596099999999865e+02
1.020000000000000018e+00 -4.606673299999999927e+02
1.030000000000000027e+00 -4.606745599999999854e+02
1.040000000000000036e+00 -4.606813399999999774e+02
1.050000000000000044e+00 -4.606876800000000003e+02
1.060000000000000053e+00 -4.606936000000000035e+02
1.070000000000000062e+00 -4.606991300000000251e+02
1.080000000000000071e+00 -4.607042900000000145e+02
1.090000000000000080e+00 -4.607090900000000033e+02
1.100000000000000089e+00 -4.607135599999999727e+02
1.110000000000000098e+00 -4.607176999999999794e+02
1.120000000000000107e+00 -4.607215400000000045e+02
1.129999999999999893e+00 -4.607250900000000229e+02
1.139999999999999902e+00 -4.607283600000000092e+02
1.149999999999999911e+00 -4.607313700000000267e+02
1.159999999999999920e+00 -4.607341400000000249e+02
1.169999999999999929e+00 -4.607366700000000037e+02
1.179999999999999938e+00 -4.607389800000000264e+02
1.189999999999999947e+00 -4.607410899999999856e+02
1.199999999999999956e+00 -4.607429900000000202e+02
1.209999999999999964e+00 -4.607447000000000230e+02
1.219999999999999973e+00 -4.607462300000000255e+02
1.229999999999999982e+00 -4.607475900000000024e+02
1.239999999999999991e+00 -4.607487800000000107e+02
1.250000000000000000e+00 -4.607498299999999745e+02
1.260000000000000009e+00 -4.607507200000000012e+02
1.270000000000000018e+00 -4.607514800000000150e+02
1.280000000000000027e+00 -4.607521100000000160e+02
1.290000000000000036e+00 -4.607526199999999790e+02
1.300000000000000044e+00 -4.607530100000000175e+02
1.310000000000000053e+00 -4.607532899999999927e+02
1.320000000000000062e+00 -4.607534699999999930e+02
1.330000000000000071e+00 -4.607535500000000184e+02
1.340000000000000080e+00 -4.607535300000000120e+02
1.350000000000000089e+00 -4.607534299999999803e+02
1.360000000000000098e+00 -4.607532400000000052e+02
1.370000000000000107e+00 -4.607529799999999796e+02
1.379999999999999893e+00 -4.607526300000000106e+02
1.389999999999999902e+00 -4.607522200000000225e+02
1.399999999999999911e+00 -4.607517399999999839e+02
1.409999999999999920e+00 -4.607511999999999830e+02
1.419999999999999929e+00 -4.607506000000000199e+02
1.429999999999999938e+00 -4.607499500000000126e+02
1.439999999999999947e+00 -4.607492399999999861e+02
1.449999999999999956e+00 -4.607484900000000039e+02
1.459999999999999964e+00 -4.607476899999999773e+02
1.469999999999999973e+00 -4.607468499999999949e+02
1.479999999999999982e+00 -4.607459600000000250e+02
1.489999999999999991e+00 -4.607450400000000172e+02
1.500000000000000000e+00 -4.607440900000000283e+02
1.510000000000000009e+00 -4.607430899999999951e+02
1.520000000000000018e+00 -4.607420700000000124e+02
1.530000000000000027e+00 -4.607410100000000170e+02
1.540000000000000036e+00 -4.607399300000000153e+02
1.550000000000000044e+00 -4.607388300000000072e+02
1.560000000000000053e+00 -4.607376899999999864e+02
1.570000000000000062e+00 -4.607365399999999909e+02
1.580000000000000071e+00 -4.607353699999999890e+02
2.500000000000000000e+00 -4.606273600000000101e+02
2.629999999999999893e+00 -4.606170900000000188e+02
2.759999999999999787e+00 -4.606081199999999853e+02
2.890000000000000124e+00 -4.606003999999999792e+02
3.020000000000000018e+00 -4.605938100000000190e+02
3.149999999999999911e+00 -4.605881999999999721e+02
3.279999999999999805e+00 -4.605834500000000276e+02
3.410000000000000142e+00 -4.605794399999999769e+02
3.540000000000000036e+00 -4.605760599999999840e+02
3.669999999999999929e+00 -4.605732300000000237e+02
3.799999999999999822e+00 -4.605708599999999819e+02
3.930000000000000160e+00 -4.605688799999999787e+02
4.059999999999999609e+00 -4.605672400000000266e+02
4.190000000000000391e+00 -4.605658700000000181e+02
4.320000000000000284e+00 -4.605647399999999720e+02
4.450000000000000178e+00 -4.605638099999999895e+02
4.580000000000000071e+00 -4.605630400000000009e+02
4.709999999999999964e+00 -4.605624000000000251e+02
4.839999999999999858e+00 -4.605618900000000053e+02
4.969999999999999751e+00 -4.605614600000000110e+02
5.099999999999999645e+00 -4.605611200000000167e+02
5.230000000000000426e+00 -4.605608300000000099e+02
5.360000000000000320e+00 -4.605606000000000222e+02
5.490000000000000213e+00 -4.605604200000000219e+02
5.620000000000000107e+00 -4.605602799999999775e+02
5.750000000000000000e+00 -4.605601599999999962e+02
5.879999999999999893e+00 -4.605600600000000213e+02
6.009999999999999787e+00 -4.605599799999999959e+02
6.139999999999999680e+00 -4.605599100000000021e+02
6.269999999999999574e+00 -4.605598600000000147e+02
6.400000000000000355e+00 -4.605598200000000020e+02
