9.799999999999999822e-01
9.899999999999999911e-01
1.000000000000000000e+00
1.010000000000000009e+00
1.020000000000000018e+00
1.030000000000000027e+00
1.040000000000000036e+00
1.050000000000000044e+00
1.060000000000000053e+00
1.070000000000000062e+00
1.080000000000000071e+00
1.090000000000000080e+00
1.100000000000000089e+00
1.110000000000000098e+00
1.120000000000000107e+00
1.129999999999999893e+00
1.139999999999999902e+00
1.149999999999999911e+00
1.159999999999999920e+00
1.169999999999999929e+00
1.179999999999999938e+00
1.189999999999999947e+00
1.199999999999999956e+00
1.209999999999999964e+00
1.219999999999999973e+00
1.229999999999999982e+00
1.239999999999999991e+00
1.250000000000000000e+00
1.260000000000000009e+00
1.270000000000000018e+00
1.280000000000000027e+00
1.290000000000000036e+00
1.300000000000000044e+00
1.310000000000000053e+00
1.320000000000000062e+00
1.330000000000000071e+00
1.340000000000000080e+00
1.350000000000000089e+00
1.360000000000000098e+00
1.370000000000000107e+00
1.379999999999999893e+00
1.389999999999999902e+00
1.399999999999999911e+00
1.409999999999999920e+00
1.419999999999999929e+00
1.429999999999999938e+00
1.439999999999999947e+00
1.449999999999999956e+00
1.459999999999999964e+00
1.469999999999999973e+00
1.479999999999999982e+00
1.489999999999999991e+00
1.500000000000000000e+00
1.510000000000000009e+00
1.520000000000000018e+00
1.530000000000000027e+00
1.540000000000000036e+00
1.550000000000000044e+00
1.560000000000000053e+00
1.570000000000000062e+00
1.580000000000000071e+00
2.500000000000000000e+00
2.629999999999999893e+00
2.759999999999999787e+00
2.890000000000000124e+00
3.020000000000000018e+00
3.149999999999999911e+00
3.279999999999999805e+00
3.410000000000000142e+00
3.540000000000000036e+00
3.669999999999999929e+00
3.799999999999999822e+00
3.930000000000000160e+00
4.059999999999999609e+00
4.190000000000000391e+00
4.320000000000000284e+00
4.450000000000000178e+00
4.580000000000000071e+00
4.709999999999999964e+00
4.839999999999999858e+00
4.969999999999999751e+00
5.099999999999999645e+00
5.230000000000000426e+00
5.360000000000000320e+00
5.490000000000000213e+00
5.620000000000000107e+00
5.750000000000000000e+00
5.879999999999999893e+00
6.009999999999999787e+00
6.139999999999999680e+00
6.269999999999999574e+00
6.400000000000000355e+00
