-4.606332899999999881e+02
-4.606426200000000222e+02
-4.606513899999999921e+02
-4.606596099999999865e+02
-4.606673299999999927e+02
-4.606745599999999854e+02
-4.606813399999999774e+02
-4.606876800000000003e+02
-4.606936000000000035e+02
-4.606991300000000251e+02
-4.607042900000000145e+02
-4.607090900000000033e+02
-4.607135599999999727e+02
-4.607176999999999794e+02
-4.607215400000000045e+02
-4.607250900000000229e+02
-4.607283600000000092e+02
-4.607313700000000267e+02
-4.607341400000000249e+02
-4.607366700000000037e+02
-4.607389800000000264e+02
-4.607410899999999856e+02
-4.607429900000000202e+02
-4.607447000000000230e+02
-4.607462300000000255e+02
-4.607475900000000024e+02
-4.607487800000000107e+02
-4.607498299999999745e+02
-4.607507200000000012e+02
-4.607514800000000150e+02
-4.607521100000000160e+02
-4.607526199999999790e+02
-4.607530100000000175e+02
-4.607532899999999927e+02
-4.607534699999999930e+02
-4.607535500000000184e+02
-4.607535300000000120e+02
-4.607534299999999803e+02
-4.607532400000000052e+02
-4.607529799999999796e+02
-4.607526300000000106e+02
-4.607522200000000225e+02
-4.607517399999999839e+02
-4.607511999999999830e+02
-4.607506000000000199e+02
-4.607499500000000126e+02
-4.607492399999999861e+02
-4.607484900000000039e+02
-4.607476899999999773e+02
-4.607468499999999949e+02
-4.607459600000000250e+02
-4.607450400000000172e+02
-4.607440900000000283e+02
-4.607430899999999951e+02
-4.607420700000000124e+02
-4.607410100000000170e+02
-4.607399300000000153e+02
-4.607388300000000072e+02
-4.607376899999999864e+02
-4.607365399999999909e+02
-4.607353699999999890e+02
-4.606273600000000101e+02
-4.606170900000000188e+02
-4.606081199999999853e+02
-4.606003999999999792e+02
-4.605938100000000190e+02
-4.605881999999999721e+02
-4.605834500000000276e+02
-4.605794399999999769e+02
-4.605760599999999840e+02
-4.605732300000000237e+02
-4.605708599999999819e+02
-4.605688799999999787e+02
-4.605672400000000266e+02
-4.605658700000000181e+02
-4.605647399999999720e+02
-4.605638099999999895e+02
-4.605630400000000009e+02
-4.605624000000000251e+02
-4.605618900000000053e+02
-4.605614600000000110e+02
-4.605611200000000167e+02
-4.605608300000000099e+02
-4.605606000000000222e+02
-4.605604200000000219e+02
-4.605602799999999775e+02
-4.605601599999999962e+02
-4.605600600000000213e+02
-4.605599799999999959e+02
-4.605599100000000021e+02
-4.605598600000000147e+02
-4.605598200000000020e+02
